condition,subject,trial,phase,cycle_phase,target_angle,cursor_vis,midpoint_vis,endpoint_vis,cursor_sig,cursor_mp_sig,cursor_ep_sig,clamp,rot,instruct_phase,instruct_state
low,20,1,baseline_no_fb,1,270,0.0,0.0,0.0,0.0,0.0,0.0,0.0,2.046987544998616,"Please slice through the target as quickly and accurately as possible.
You will not see the cursor during this phase.",1.0
low,20,2,baseline_no_fb,1,0,0.0,0.0,0.0,0.0,0.0,0.0,0.0,1.4809655290456092,,1.0
low,20,3,baseline_no_fb,1,90,0.0,0.0,0.0,0.0,0.0,0.0,0.0,-1.3731058322324745,,1.0
low,20,4,baseline_no_fb,1,60,0.0,0.0,0.0,0.0,0.0,0.0,0.0,-1.6688861544392446,,1.0
low,20,5,baseline_no_fb,1,180,0.0,0.0,0.0,0.0,0.0,0.0,0.0,1.5087144056323991,,1.0
low,20,6,baseline_no_fb,1,45,0.0,0.0,0.0,0.0,0.0,0.0,0.0,-0.18649402642246013,,1.0
low,20,7,baseline_no_fb,1,315,0.0,0.0,0.0,0.0,0.0,0.0,0.0,-1.8949579395942184,,1.0
low,20,8,baseline_no_fb,1,120,0.0,0.0,0.0,0.0,0.0,0.0,0.0,-0.931150482499388,,1.0
low,20,9,baseline_no_fb,1,225,0.0,0.0,0.0,0.0,0.0,0.0,0.0,-2.1937454898914344,,1.0
low,20,10,baseline_no_fb,1,75,0.0,0.0,0.0,0.0,0.0,0.0,0.0,4.219801243991014,,1.0
low,20,11,baseline_no_fb,1,105,0.0,0.0,0.0,0.0,0.0,0.0,0.0,-3.160949238770124,,1.0
low,20,12,baseline_no_fb,1,135,0.0,0.0,0.0,0.0,0.0,0.0,0.0,3.2389135153526882,,1.0
low,20,13,baseline_no_fb,2,60,0.0,0.0,0.0,0.0,0.0,0.0,0.0,-4.172102130463608,,1.0
low,20,14,baseline_no_fb,2,180,0.0,0.0,0.0,0.0,0.0,0.0,0.0,-1.9187843394681263,,1.0
low,20,15,baseline_no_fb,2,0,0.0,0.0,0.0,0.0,0.0,0.0,0.0,-4.03125001322512,,1.0
low,20,16,baseline_no_fb,2,315,0.0,0.0,0.0,0.0,0.0,0.0,0.0,4.139469089609545,,1.0
low,20,17,baseline_no_fb,2,45,0.0,0.0,0.0,0.0,0.0,0.0,0.0,2.34914039140465,,1.0
low,20,18,baseline_no_fb,2,135,0.0,0.0,0.0,0.0,0.0,0.0,0.0,7.68941761132694,,1.0
low,20,19,baseline_no_fb,2,90,0.0,0.0,0.0,0.0,0.0,0.0,0.0,-6.0922782583388235,,1.0
low,20,20,baseline_no_fb,2,270,0.0,0.0,0.0,0.0,0.0,0.0,0.0,-4.274173374036263,,1.0
low,20,21,baseline_no_fb,2,225,0.0,0.0,0.0,0.0,0.0,0.0,0.0,9.331247488860429,,1.0
low,20,22,baseline_no_fb,2,120,0.0,0.0,0.0,0.0,0.0,0.0,0.0,-0.09995106844028236,,1.0
low,20,23,baseline_no_fb,2,75,0.0,0.0,0.0,0.0,0.0,0.0,0.0,8.391443022828692,,1.0
low,20,24,baseline_no_fb,2,105,0.0,0.0,0.0,0.0,0.0,0.0,0.0,-4.374679818881459,,1.0
low,20,25,baseline_continuous_fb,1,180,1.0,0.0,1.0,0.0,0.0,0.0,0.0,-2.891990430374849,"You will now only see the cursor throughout your entire reach.
Please continue to slice through the target as quickly and accurately as possible.",1.0
low,20,26,baseline_continuous_fb,1,135,1.0,0.0,1.0,0.0,0.0,0.0,0.0,3.8047230138201833,,1.0
low,20,27,baseline_continuous_fb,1,270,1.0,0.0,1.0,0.0,0.0,0.0,0.0,0.7782273627326686,,1.0
low,20,28,baseline_continuous_fb,1,225,1.0,0.0,1.0,0.0,0.0,0.0,0.0,11.1177176130499,,1.0
low,20,29,baseline_continuous_fb,1,315,1.0,0.0,1.0,0.0,0.0,0.0,0.0,7.260812963026485,,1.0
low,20,30,baseline_continuous_fb,1,105,1.0,0.0,1.0,0.0,0.0,0.0,0.0,1.1973975807570505,,1.0
low,20,31,baseline_continuous_fb,1,60,1.0,0.0,1.0,0.0,0.0,0.0,0.0,-1.156015339947765,,1.0
low,20,32,baseline_continuous_fb,1,75,1.0,0.0,1.0,0.0,0.0,0.0,0.0,0.9206380400186323,,1.0
low,20,33,baseline_continuous_fb,1,90,1.0,0.0,1.0,0.0,0.0,0.0,0.0,2.00094813003871,,1.0
low,20,34,baseline_continuous_fb,1,45,1.0,0.0,1.0,0.0,0.0,0.0,0.0,4.627644038668763,,1.0
low,20,35,baseline_continuous_fb,1,0,1.0,0.0,1.0,0.0,0.0,0.0,0.0,-3.2049180095977614,,1.0
low,20,36,baseline_continuous_fb,1,120,1.0,0.0,1.0,0.0,0.0,0.0,0.0,-0.10833709732447301,,1.0
low,20,37,baseline_continuous_fb,2,270,1.0,0.0,1.0,0.0,0.0,0.0,0.0,-3.6122962139490626,,1.0
low,20,38,baseline_continuous_fb,2,225,1.0,0.0,1.0,0.0,0.0,0.0,0.0,2.773301597185517,,1.0
low,20,39,baseline_continuous_fb,2,135,1.0,0.0,1.0,0.0,0.0,0.0,0.0,-4.260529761423647,,1.0
low,20,40,baseline_continuous_fb,2,60,1.0,0.0,1.0,0.0,0.0,0.0,0.0,-0.7106012700376787,,1.0
low,20,41,baseline_continuous_fb,2,105,1.0,0.0,1.0,0.0,0.0,0.0,0.0,-2.640716302384672,,1.0
low,20,42,baseline_continuous_fb,2,180,1.0,0.0,1.0,0.0,0.0,0.0,0.0,0.6878603065958571,,1.0
low,20,43,baseline_continuous_fb,2,90,1.0,0.0,1.0,0.0,0.0,0.0,0.0,0.04080064912933191,,1.0
low,20,44,baseline_continuous_fb,2,45,1.0,0.0,1.0,0.0,0.0,0.0,0.0,-3.8375188100535262,,1.0
low,20,45,baseline_continuous_fb,2,315,1.0,0.0,1.0,0.0,0.0,0.0,0.0,4.935433912438004,,1.0
low,20,46,baseline_continuous_fb,2,120,1.0,0.0,1.0,0.0,0.0,0.0,0.0,5.454727720781817,,1.0
low,20,47,baseline_continuous_fb,2,0,1.0,0.0,1.0,0.0,0.0,0.0,0.0,0.015551027217450237,,1.0
low,20,48,baseline_continuous_fb,2,75,1.0,0.0,1.0,0.0,0.0,0.0,0.0,4.285268487801083,,1.0
low,20,49,baseline_endpoint_fb,1,0,0.0,0.0,1.0,0.0,0.0,0.0,0.0,0.26865106148661144,"You will now only see the cursor only at the endpoint of your reach.
Please continue to slice through the target as quickly and accurately as possible.",1.0
low,20,50,baseline_endpoint_fb,1,90,0.0,0.0,1.0,0.0,0.0,0.0,0.0,-0.1379118005782029,,1.0
low,20,51,baseline_endpoint_fb,1,45,0.0,0.0,1.0,0.0,0.0,0.0,0.0,1.273101076858773,,1.0
low,20,52,baseline_endpoint_fb,1,75,0.0,0.0,1.0,0.0,0.0,0.0,0.0,-1.6306929466307163,,1.0
low,20,53,baseline_endpoint_fb,1,105,0.0,0.0,1.0,0.0,0.0,0.0,0.0,2.212487395261926,,1.0
low,20,54,baseline_endpoint_fb,1,135,0.0,0.0,1.0,0.0,0.0,0.0,0.0,2.220545461989638,,1.0
low,20,55,baseline_endpoint_fb,1,270,0.0,0.0,1.0,0.0,0.0,0.0,0.0,-6.60370990850402,,1.0
low,20,56,baseline_endpoint_fb,1,225,0.0,0.0,1.0,0.0,0.0,0.0,0.0,1.0787797089588196,,1.0
low,20,57,baseline_endpoint_fb,1,60,0.0,0.0,1.0,0.0,0.0,0.0,0.0,0.9266467053579777,,1.0
low,20,58,baseline_endpoint_fb,1,120,0.0,0.0,1.0,0.0,0.0,0.0,0.0,5.997332878086597,,1.0
low,20,59,baseline_endpoint_fb,1,180,0.0,0.0,1.0,0.0,0.0,0.0,0.0,2.8299596126952724,,1.0
low,20,60,baseline_endpoint_fb,1,315,0.0,0.0,1.0,0.0,0.0,0.0,0.0,1.811876986466463,,1.0
low,20,61,baseline_endpoint_fb,2,270,0.0,0.0,1.0,0.0,0.0,0.0,0.0,1.2541864562706317,,1.0
low,20,62,baseline_endpoint_fb,2,180,0.0,0.0,1.0,0.0,0.0,0.0,0.0,-5.005639301067453,,1.0
low,20,63,baseline_endpoint_fb,2,90,0.0,0.0,1.0,0.0,0.0,0.0,0.0,4.476570968808847,,1.0
low,20,64,baseline_endpoint_fb,2,105,0.0,0.0,1.0,0.0,0.0,0.0,0.0,3.9598223698380153,,1.0
low,20,65,baseline_endpoint_fb,2,315,0.0,0.0,1.0,0.0,0.0,0.0,0.0,4.146869147672039,,1.0
low,20,66,baseline_endpoint_fb,2,60,0.0,0.0,1.0,0.0,0.0,0.0,0.0,1.7898452940314495,,1.0
low,20,67,baseline_endpoint_fb,2,0,0.0,0.0,1.0,0.0,0.0,0.0,0.0,-7.220410410241884,,1.0
low,20,68,baseline_endpoint_fb,2,120,0.0,0.0,1.0,0.0,0.0,0.0,0.0,0.5138788064953792,,1.0
low,20,69,baseline_endpoint_fb,2,135,0.0,0.0,1.0,0.0,0.0,0.0,0.0,7.2720467314863875,,1.0
low,20,70,baseline_endpoint_fb,2,225,0.0,0.0,1.0,0.0,0.0,0.0,0.0,2.3800255689184837,,1.0
low,20,71,baseline_endpoint_fb,2,75,0.0,0.0,1.0,0.0,0.0,0.0,0.0,-3.1832509103562505,,1.0
low,20,72,baseline_endpoint_fb,2,45,0.0,0.0,1.0,0.0,0.0,0.0,0.0,4.7509293480590475,,1.0
low,20,73,baseline_mixed_fb,1,0,0.0,0.0,0.0,0.0,0.0,0.0,0.0,-8.617411789114842,"You will now only see the cursor at the endpoint of your reach on some trials.
On the other trials you will not recieve feedback at all.
Please continue to slice through the target as quickly and accurately as possible.",1.0
low,20,74,baseline_mixed_fb,1,105,0.0,0.0,0.0,0.0,0.0,0.0,0.0,3.598557879070883,,1.0
low,20,75,baseline_mixed_fb,1,135,0.0,0.0,0.0,0.0,0.0,0.0,0.0,3.9004848111696404,,1.0
low,20,76,baseline_mixed_fb,1,120,0.0,0.0,1.0,0.0,0.0,0.0,0.0,-8.062915506112967,,1.0
low,20,77,baseline_mixed_fb,1,180,0.0,0.0,1.0,0.0,0.0,0.0,0.0,1.2513233627481066,,1.0
low,20,78,baseline_mixed_fb,1,90,0.0,0.0,0.0,0.0,0.0,0.0,0.0,-2.1049386285548604,,1.0
low,20,79,baseline_mixed_fb,1,225,0.0,0.0,0.0,0.0,0.0,0.0,0.0,-1.8952720454913747,,1.0
low,20,80,baseline_mixed_fb,1,315,0.0,0.0,1.0,0.0,0.0,0.0,0.0,6.096320609681213,,1.0
low,20,81,baseline_mixed_fb,1,45,0.0,0.0,0.0,0.0,0.0,0.0,0.0,5.661596491827732,,1.0
low,20,82,baseline_mixed_fb,1,75,0.0,0.0,0.0,0.0,0.0,0.0,0.0,1.3246130886572485,,1.0
low,20,83,baseline_mixed_fb,1,60,0.0,0.0,1.0,0.0,0.0,0.0,0.0,1.8332924328296667,,1.0
low,20,84,baseline_mixed_fb,1,270,0.0,0.0,1.0,0.0,0.0,0.0,0.0,-2.1214442959188453,,1.0
low,20,85,baseline_mixed_fb,2,180,0.0,0.0,0.0,0.0,0.0,0.0,0.0,1.4892433778337992,,1.0
low,20,86,baseline_mixed_fb,2,225,0.0,0.0,0.0,0.0,0.0,0.0,0.0,-5.136677958383615,,1.0
low,20,87,baseline_mixed_fb,2,120,0.0,0.0,1.0,0.0,0.0,0.0,0.0,2.9415353101392654,,1.0
low,20,88,baseline_mixed_fb,2,75,0.0,0.0,0.0,0.0,0.0,0.0,0.0,-1.1520463620555461,,1.0
low,20,89,baseline_mixed_fb,2,105,0.0,0.0,0.0,0.0,0.0,0.0,0.0,0.27194286882793456,,1.0
low,20,90,baseline_mixed_fb,2,45,0.0,0.0,1.0,0.0,0.0,0.0,0.0,3.6048514644066287,,1.0
low,20,91,baseline_mixed_fb,2,315,0.0,0.0,1.0,0.0,0.0,0.0,0.0,0.8073876338739894,,1.0
low,20,92,baseline_mixed_fb,2,135,0.0,0.0,0.0,0.0,0.0,0.0,0.0,6.941448527244042,,1.0
low,20,93,baseline_mixed_fb,2,270,0.0,0.0,1.0,0.0,0.0,0.0,0.0,-1.8388949215069406,,1.0
low,20,94,baseline_mixed_fb,2,60,0.0,0.0,1.0,0.0,0.0,0.0,0.0,-1.4428605648835031,,1.0
low,20,95,baseline_mixed_fb,2,90,0.0,0.0,1.0,0.0,0.0,0.0,0.0,5.7853070192824045,,1.0
low,20,96,baseline_mixed_fb,2,0,0.0,0.0,1.0,0.0,0.0,0.0,0.0,0.7073525286540259,,1.0
low,20,97,clamp,1,90,0.0,0.0,1.0,0.0,0.0,0.0,1.0,33.34008019831644,"The cursor feedback is now clamped.
The location of the endpoint feedback is random.
It  has nothing to do with how accurately you reach.
Please do your best to ignore the cursor feedback and continue slicing directly through the target.",1.0
low,20,98,generalisation,1,90,0.0,0.0,1.0,0.0,0.0,0.0,1.0,31.88669801952368,"You will now be asked to reach to targets that you have not yet reached to.
You will not receive feedback of any kind for these reaches.Please continue to slice through the target as quickly and accurately as possible.",1.0
low,20,99,generalisation,1,180,0.0,0.0,0.0,0.0,0.0,0.0,1.0,33.285760449593404,,1.0
low,20,100,generalisation,1,90,0.0,0.0,1.0,0.0,0.0,0.0,1.0,31.835413234506383,,1.0
low,20,101,generalisation,1,90,0.0,0.0,1.0,0.0,0.0,0.0,1.0,28.365794646127615,,1.0
low,20,102,generalisation,1,270,0.0,0.0,0.0,0.0,0.0,0.0,1.0,26.422902561836374,,1.0
low,20,103,generalisation,1,120,0.0,0.0,0.0,0.0,0.0,0.0,1.0,32.48094081426008,,1.0
low,20,104,generalisation,1,90,0.0,0.0,1.0,0.0,0.0,0.0,1.0,28.177176250437544,,1.0
low,20,105,generalisation,1,90,0.0,0.0,1.0,0.0,0.0,0.0,1.0,26.941945507155193,,1.0
low,20,106,generalisation,1,315,0.0,0.0,0.0,0.0,0.0,0.0,1.0,23.26186042194675,,1.0
low,20,107,generalisation,1,90,0.0,0.0,1.0,0.0,0.0,0.0,1.0,31.470266900919462,,1.0
low,20,108,generalisation,1,135,0.0,0.0,0.0,0.0,0.0,0.0,1.0,28.43189248471333,,1.0
low,20,109,generalisation,1,225,0.0,0.0,0.0,0.0,0.0,0.0,1.0,27.885182033965332,,1.0
low,20,110,generalisation,1,90,0.0,0.0,1.0,0.0,0.0,0.0,1.0,33.09931858647153,,1.0
low,20,111,generalisation,1,45,0.0,0.0,0.0,0.0,0.0,0.0,1.0,33.182634870451366,,1.0
low,20,112,generalisation,1,90,0.0,0.0,1.0,0.0,0.0,0.0,1.0,34.81767028897525,,1.0
low,20,113,generalisation,1,75,0.0,0.0,0.0,0.0,0.0,0.0,1.0,37.20140602404898,,1.0
low,20,114,generalisation,1,90,0.0,0.0,1.0,0.0,0.0,0.0,1.0,28.445531334863936,,1.0
low,20,115,generalisation,1,90,0.0,0.0,1.0,0.0,0.0,0.0,1.0,30.625135384035442,,1.0
low,20,116,generalisation,1,90,0.0,0.0,1.0,0.0,0.0,0.0,1.0,23.412694065164363,,1.0
low,20,117,generalisation,1,105,0.0,0.0,0.0,0.0,0.0,0.0,1.0,32.06325959458946,,1.0
low,20,118,generalisation,1,60,0.0,0.0,0.0,0.0,0.0,0.0,1.0,30.466683797199934,,1.0
low,20,119,generalisation,1,0,0.0,0.0,0.0,0.0,0.0,0.0,1.0,23.525706981095155,,1.0
low,20,120,generalisation,1,90,0.0,0.0,1.0,0.0,0.0,0.0,1.0,28.35695757674952,,1.0
low,20,121,generalisation,2,90,0.0,0.0,1.0,0.0,0.0,0.0,1.0,23.312532441780625,,1.0
low,20,122,generalisation,2,90,0.0,0.0,1.0,0.0,0.0,0.0,1.0,41.95082819974002,,1.0
low,20,123,generalisation,2,90,0.0,0.0,1.0,0.0,0.0,0.0,1.0,27.27864117530178,,1.0
low,20,124,generalisation,2,315,0.0,0.0,0.0,0.0,0.0,0.0,1.0,23.196896722764826,,1.0
low,20,125,generalisation,2,180,0.0,0.0,0.0,0.0,0.0,0.0,1.0,24.02764866809087,,1.0
low,20,126,generalisation,2,90,0.0,0.0,1.0,0.0,0.0,0.0,1.0,29.710249803955886,,1.0
low,20,127,generalisation,2,90,0.0,0.0,1.0,0.0,0.0,0.0,1.0,35.74748962974129,,1.0
low,20,128,generalisation,2,105,0.0,0.0,0.0,0.0,0.0,0.0,1.0,33.418501873838686,,1.0
low,20,129,generalisation,2,270,0.0,0.0,0.0,0.0,0.0,0.0,1.0,33.31494071952851,,1.0
low,20,130,generalisation,2,225,0.0,0.0,0.0,0.0,0.0,0.0,1.0,31.655152303840005,,1.0
low,20,131,generalisation,2,90,0.0,0.0,1.0,0.0,0.0,0.0,1.0,32.84324913905964,,1.0
low,20,132,generalisation,2,120,0.0,0.0,0.0,0.0,0.0,0.0,1.0,33.17316421425803,,1.0
low,20,133,generalisation,2,90,0.0,0.0,1.0,0.0,0.0,0.0,1.0,35.36658220005434,,1.0
low,20,134,generalisation,2,90,0.0,0.0,1.0,0.0,0.0,0.0,1.0,32.09671119340309,,1.0
low,20,135,generalisation,2,45,0.0,0.0,0.0,0.0,0.0,0.0,1.0,22.095693214848286,,1.0
low,20,136,generalisation,2,90,0.0,0.0,1.0,0.0,0.0,0.0,1.0,40.17535661614909,,1.0
low,20,137,generalisation,2,90,0.0,0.0,1.0,0.0,0.0,0.0,1.0,30.575852824806415,,1.0
low,20,138,generalisation,2,90,0.0,0.0,1.0,0.0,0.0,0.0,1.0,34.66558898938293,,1.0
low,20,139,generalisation,2,0,0.0,0.0,0.0,0.0,0.0,0.0,1.0,32.53758365290349,,1.0
low,20,140,generalisation,2,90,0.0,0.0,1.0,0.0,0.0,0.0,1.0,31.728136238008442,,1.0
low,20,141,generalisation,2,60,0.0,0.0,0.0,0.0,0.0,0.0,1.0,34.445949414889775,,1.0
low,20,142,generalisation,2,75,0.0,0.0,0.0,0.0,0.0,0.0,1.0,32.82715399221921,,1.0
low,20,143,generalisation,2,135,0.0,0.0,0.0,0.0,0.0,0.0,1.0,31.845124375238743,,1.0
low,20,144,generalisation,3,75,0.0,0.0,0.0,0.0,0.0,0.0,1.0,28.943380592935778,,1.0
low,20,145,generalisation,3,120,0.0,0.0,0.0,0.0,0.0,0.0,1.0,26.498149850949286,,1.0
low,20,146,generalisation,3,90,0.0,0.0,1.0,0.0,0.0,0.0,1.0,29.30800757643307,,1.0
low,20,147,generalisation,3,135,0.0,0.0,0.0,0.0,0.0,0.0,1.0,26.47052256134578,,1.0
low,20,148,generalisation,3,90,0.0,0.0,1.0,0.0,0.0,0.0,1.0,33.7781839833921,,1.0
low,20,149,generalisation,3,90,0.0,0.0,1.0,0.0,0.0,0.0,1.0,31.61636369474821,,1.0
low,20,150,generalisation,3,90,0.0,0.0,1.0,0.0,0.0,0.0,1.0,28.612780665647698,,1.0
low,20,151,generalisation,3,90,0.0,0.0,1.0,0.0,0.0,0.0,1.0,31.45981679222794,,1.0
low,20,152,generalisation,3,90,0.0,0.0,1.0,0.0,0.0,0.0,1.0,27.624242318294932,,1.0
low,20,153,generalisation,3,225,0.0,0.0,0.0,0.0,0.0,0.0,1.0,22.34104779738764,,1.0
low,20,154,generalisation,3,90,0.0,0.0,1.0,0.0,0.0,0.0,1.0,27.864831736805858,,1.0
low,20,155,generalisation,3,90,0.0,0.0,1.0,0.0,0.0,0.0,1.0,24.351192314992026,,1.0
low,20,156,generalisation,3,105,0.0,0.0,0.0,0.0,0.0,0.0,1.0,34.039987838756765,,1.0
low,20,157,generalisation,3,315,0.0,0.0,0.0,0.0,0.0,0.0,1.0,28.450787831959097,,1.0
low,20,158,generalisation,3,180,0.0,0.0,0.0,0.0,0.0,0.0,1.0,30.50826776428358,,1.0
low,20,159,generalisation,3,90,0.0,0.0,1.0,0.0,0.0,0.0,1.0,30.561882160286032,,1.0
low,20,160,generalisation,3,0,0.0,0.0,0.0,0.0,0.0,0.0,1.0,35.77620522892121,,1.0
low,20,161,generalisation,3,90,0.0,0.0,1.0,0.0,0.0,0.0,1.0,33.26632565531333,,1.0
low,20,162,generalisation,3,90,0.0,0.0,1.0,0.0,0.0,0.0,1.0,33.7844267302241,,1.0
low,20,163,generalisation,3,90,0.0,0.0,1.0,0.0,0.0,0.0,1.0,21.727269339140843,,1.0
low,20,164,generalisation,3,60,0.0,0.0,0.0,0.0,0.0,0.0,1.0,26.663422267252425,,1.0
low,20,165,generalisation,3,270,0.0,0.0,0.0,0.0,0.0,0.0,1.0,30.692007585525882,,1.0
low,20,166,generalisation,3,45,0.0,0.0,0.0,0.0,0.0,0.0,1.0,24.28987823992508,,1.0
low,20,167,generalisation,4,225,0.0,0.0,0.0,0.0,0.0,0.0,1.0,36.8165612928845,,1.0
low,20,168,generalisation,4,0,0.0,0.0,0.0,0.0,0.0,0.0,1.0,27.506507413334745,,1.0
low,20,169,generalisation,4,105,0.0,0.0,0.0,0.0,0.0,0.0,1.0,32.118448710317125,,1.0
low,20,170,generalisation,4,120,0.0,0.0,0.0,0.0,0.0,0.0,1.0,32.42714891322299,,1.0
low,20,171,generalisation,4,90,0.0,0.0,1.0,0.0,0.0,0.0,1.0,27.194191103211413,,1.0
low,20,172,generalisation,4,90,0.0,0.0,1.0,0.0,0.0,0.0,1.0,26.271869625003532,,1.0
low,20,173,generalisation,4,270,0.0,0.0,0.0,0.0,0.0,0.0,1.0,27.719434791346394,,1.0
low,20,174,generalisation,4,90,0.0,0.0,1.0,0.0,0.0,0.0,1.0,26.899225814329302,,1.0
low,20,175,generalisation,4,75,0.0,0.0,0.0,0.0,0.0,0.0,1.0,32.74707324979599,,1.0
low,20,176,generalisation,4,90,0.0,0.0,1.0,0.0,0.0,0.0,1.0,31.148011756204582,,1.0
low,20,177,generalisation,4,90,0.0,0.0,1.0,0.0,0.0,0.0,1.0,28.597717809695602,,1.0
low,20,178,generalisation,4,180,0.0,0.0,0.0,0.0,0.0,0.0,1.0,32.00309673816946,,1.0
low,20,179,generalisation,4,60,0.0,0.0,0.0,0.0,0.0,0.0,1.0,31.14715525685192,,1.0
low,20,180,generalisation,4,135,0.0,0.0,0.0,0.0,0.0,0.0,1.0,30.65165690215519,,1.0
low,20,181,generalisation,4,90,0.0,0.0,1.0,0.0,0.0,0.0,1.0,26.057692142857157,,1.0
low,20,182,generalisation,4,315,0.0,0.0,0.0,0.0,0.0,0.0,1.0,35.32263060500551,,1.0
low,20,183,generalisation,4,90,0.0,0.0,1.0,0.0,0.0,0.0,1.0,26.5592734327263,,1.0
low,20,184,generalisation,4,90,0.0,0.0,1.0,0.0,0.0,0.0,1.0,37.98686751487235,,1.0
low,20,185,generalisation,4,90,0.0,0.0,1.0,0.0,0.0,0.0,1.0,29.25368322413121,,1.0
low,20,186,generalisation,4,45,0.0,0.0,0.0,0.0,0.0,0.0,1.0,32.76271715370816,,1.0
low,20,187,generalisation,4,90,0.0,0.0,1.0,0.0,0.0,0.0,1.0,30.681758268843435,,1.0
low,20,188,generalisation,4,90,0.0,0.0,1.0,0.0,0.0,0.0,1.0,30.56639027769712,,1.0
low,20,189,generalisation,4,90,0.0,0.0,1.0,0.0,0.0,0.0,1.0,24.77303116310226,,1.0
low,20,190,generalisation,5,315,0.0,0.0,0.0,0.0,0.0,0.0,1.0,29.329671793266893,,1.0
low,20,191,generalisation,5,0,0.0,0.0,0.0,0.0,0.0,0.0,1.0,26.203034964760356,,1.0
low,20,192,generalisation,5,135,0.0,0.0,0.0,0.0,0.0,0.0,1.0,28.901614038471088,,1.0
low,20,193,generalisation,5,90,0.0,0.0,1.0,0.0,0.0,0.0,1.0,31.953253133189513,,1.0
low,20,194,generalisation,5,90,0.0,0.0,1.0,0.0,0.0,0.0,1.0,33.531347874634065,,1.0
low,20,195,generalisation,5,90,0.0,0.0,1.0,0.0,0.0,0.0,1.0,25.445681521428003,,1.0
low,20,196,generalisation,5,105,0.0,0.0,0.0,0.0,0.0,0.0,1.0,31.54320868500857,,1.0
low,20,197,generalisation,5,75,0.0,0.0,0.0,0.0,0.0,0.0,1.0,34.55860787098281,,1.0
low,20,198,generalisation,5,90,0.0,0.0,1.0,0.0,0.0,0.0,1.0,25.199564501462064,,1.0
low,20,199,generalisation,5,270,0.0,0.0,0.0,0.0,0.0,0.0,1.0,26.780417255289013,,1.0
low,20,200,generalisation,5,180,0.0,0.0,0.0,0.0,0.0,0.0,1.0,37.0907973335938,,1.0
low,20,201,generalisation,5,90,0.0,0.0,1.0,0.0,0.0,0.0,1.0,30.45465495004821,,1.0
low,20,202,generalisation,5,90,0.0,0.0,1.0,0.0,0.0,0.0,1.0,30.73304039450487,,1.0
low,20,203,generalisation,5,45,0.0,0.0,0.0,0.0,0.0,0.0,1.0,35.41499604234016,,1.0
low,20,204,generalisation,5,90,0.0,0.0,1.0,0.0,0.0,0.0,1.0,30.13400698217146,,1.0
low,20,205,generalisation,5,90,0.0,0.0,1.0,0.0,0.0,0.0,1.0,32.73101996085543,,1.0
low,20,206,generalisation,5,225,0.0,0.0,0.0,0.0,0.0,0.0,1.0,26.5011222401355,,1.0
low,20,207,generalisation,5,90,0.0,0.0,1.0,0.0,0.0,0.0,1.0,34.44028594410133,,1.0
low,20,208,generalisation,5,120,0.0,0.0,0.0,0.0,0.0,0.0,1.0,34.24990296926747,,1.0
low,20,209,generalisation,5,90,0.0,0.0,1.0,0.0,0.0,0.0,1.0,22.88941633741837,,1.0
low,20,210,generalisation,5,90,0.0,0.0,1.0,0.0,0.0,0.0,1.0,31.6130582003009,,1.0
low,20,211,generalisation,5,90,0.0,0.0,1.0,0.0,0.0,0.0,1.0,26.431172133613508,,1.0
low,20,212,generalisation,5,60,0.0,0.0,0.0,0.0,0.0,0.0,1.0,27.098311560645847,,1.0
low,20,213,generalisation,6,270,0.0,0.0,0.0,0.0,0.0,0.0,1.0,32.7456801368854,,1.0
low,20,214,generalisation,6,0,0.0,0.0,0.0,0.0,0.0,0.0,1.0,29.506099379226487,,1.0
low,20,215,generalisation,6,90,0.0,0.0,1.0,0.0,0.0,0.0,1.0,33.19267385192207,,1.0
low,20,216,generalisation,6,75,0.0,0.0,0.0,0.0,0.0,0.0,1.0,32.18596118106209,,1.0
low,20,217,generalisation,6,105,0.0,0.0,0.0,0.0,0.0,0.0,1.0,28.52974243678559,,1.0
low,20,218,generalisation,6,90,0.0,0.0,1.0,0.0,0.0,0.0,1.0,27.47932062306064,,1.0
low,20,219,generalisation,6,315,0.0,0.0,0.0,0.0,0.0,0.0,1.0,33.6491223634774,,1.0
low,20,220,generalisation,6,45,0.0,0.0,0.0,0.0,0.0,0.0,1.0,28.31796875458611,,1.0
low,20,221,generalisation,6,90,0.0,0.0,1.0,0.0,0.0,0.0,1.0,34.69265283399105,,1.0
low,20,222,generalisation,6,90,0.0,0.0,1.0,0.0,0.0,0.0,1.0,31.74269231982017,,1.0
low,20,223,generalisation,6,90,0.0,0.0,1.0,0.0,0.0,0.0,1.0,32.71307518323808,,1.0
low,20,224,generalisation,6,180,0.0,0.0,0.0,0.0,0.0,0.0,1.0,33.96845127108276,,1.0
low,20,225,generalisation,6,90,0.0,0.0,1.0,0.0,0.0,0.0,1.0,29.509284077571976,,1.0
low,20,226,generalisation,6,90,0.0,0.0,1.0,0.0,0.0,0.0,1.0,27.920712795261345,,1.0
low,20,227,generalisation,6,90,0.0,0.0,1.0,0.0,0.0,0.0,1.0,32.331156918322435,,1.0
low,20,228,generalisation,6,225,0.0,0.0,0.0,0.0,0.0,0.0,1.0,36.16919966052631,,1.0
low,20,229,generalisation,6,90,0.0,0.0,1.0,0.0,0.0,0.0,1.0,27.06799861009908,,1.0
low,20,230,generalisation,6,60,0.0,0.0,0.0,0.0,0.0,0.0,1.0,28.25305348778179,,1.0
low,20,231,generalisation,6,120,0.0,0.0,0.0,0.0,0.0,0.0,1.0,30.142798874148294,,1.0
low,20,232,generalisation,6,90,0.0,0.0,1.0,0.0,0.0,0.0,1.0,29.876909448454164,,1.0
low,20,233,generalisation,6,90,0.0,0.0,1.0,0.0,0.0,0.0,1.0,31.893270140166084,,1.0
low,20,234,generalisation,6,135,0.0,0.0,0.0,0.0,0.0,0.0,1.0,29.266874927050303,,1.0
low,20,235,generalisation,6,90,0.0,0.0,1.0,0.0,0.0,0.0,1.0,31.43052999328987,,1.0
low,20,236,generalisation,7,90,0.0,0.0,1.0,0.0,0.0,0.0,1.0,27.843200936267472,,1.0
low,20,237,generalisation,7,120,0.0,0.0,0.0,0.0,0.0,0.0,1.0,30.1645362301062,,1.0
low,20,238,generalisation,7,90,0.0,0.0,1.0,0.0,0.0,0.0,1.0,26.335020849413905,,1.0
low,20,239,generalisation,7,105,0.0,0.0,0.0,0.0,0.0,0.0,1.0,28.613249159494956,,1.0
low,20,240,generalisation,7,90,0.0,0.0,1.0,0.0,0.0,0.0,1.0,26.75207543241647,,1.0
low,20,241,generalisation,7,60,0.0,0.0,0.0,0.0,0.0,0.0,1.0,30.18983785648681,,1.0
low,20,242,generalisation,7,315,0.0,0.0,0.0,0.0,0.0,0.0,1.0,31.535545682793817,,1.0
low,20,243,generalisation,7,225,0.0,0.0,0.0,0.0,0.0,0.0,1.0,32.68134818957579,,1.0
low,20,244,generalisation,7,90,0.0,0.0,1.0,0.0,0.0,0.0,1.0,28.1218354917566,,1.0
low,20,245,generalisation,7,90,0.0,0.0,1.0,0.0,0.0,0.0,1.0,36.97791962368044,,1.0
low,20,246,generalisation,7,90,0.0,0.0,1.0,0.0,0.0,0.0,1.0,27.503800749471527,,1.0
low,20,247,generalisation,7,45,0.0,0.0,0.0,0.0,0.0,0.0,1.0,27.562962202561604,,1.0
low,20,248,generalisation,7,75,0.0,0.0,0.0,0.0,0.0,0.0,1.0,24.19685730771085,,1.0
low,20,249,generalisation,7,0,0.0,0.0,0.0,0.0,0.0,0.0,1.0,30.11727703439762,,1.0
low,20,250,generalisation,7,270,0.0,0.0,0.0,0.0,0.0,0.0,1.0,33.90837408079559,,1.0
low,20,251,generalisation,7,180,0.0,0.0,0.0,0.0,0.0,0.0,1.0,34.65104157362307,,1.0
low,20,252,generalisation,7,90,0.0,0.0,1.0,0.0,0.0,0.0,1.0,28.94694430398217,,1.0
low,20,253,generalisation,7,90,0.0,0.0,1.0,0.0,0.0,0.0,1.0,21.005747817069278,,1.0
low,20,254,generalisation,7,90,0.0,0.0,1.0,0.0,0.0,0.0,1.0,32.15914386470319,,1.0
low,20,255,generalisation,7,90,0.0,0.0,1.0,0.0,0.0,0.0,1.0,26.434864439688635,,1.0
low,20,256,generalisation,7,90,0.0,0.0,1.0,0.0,0.0,0.0,1.0,25.099237896638854,,1.0
low,20,257,generalisation,7,135,0.0,0.0,0.0,0.0,0.0,0.0,1.0,33.42261364669776,,1.0
low,20,258,generalisation,7,90,0.0,0.0,1.0,0.0,0.0,0.0,1.0,30.645214089706638,,1.0
low,20,259,generalisation,8,90,0.0,0.0,1.0,0.0,0.0,0.0,1.0,29.041458420347386,,1.0
low,20,260,generalisation,8,90,0.0,0.0,1.0,0.0,0.0,0.0,1.0,30.316291738668635,,1.0
low,20,261,generalisation,8,120,0.0,0.0,0.0,0.0,0.0,0.0,1.0,33.88108297204886,,1.0
low,20,262,generalisation,8,75,0.0,0.0,0.0,0.0,0.0,0.0,1.0,26.996300364648818,,1.0
low,20,263,generalisation,8,225,0.0,0.0,0.0,0.0,0.0,0.0,1.0,35.299946930767106,,1.0
low,20,264,generalisation,8,90,0.0,0.0,1.0,0.0,0.0,0.0,1.0,22.91450879914469,,1.0
low,20,265,generalisation,8,90,0.0,0.0,1.0,0.0,0.0,0.0,1.0,28.958102463187902,,1.0
low,20,266,generalisation,8,90,0.0,0.0,1.0,0.0,0.0,0.0,1.0,27.327284864280067,,1.0
low,20,267,generalisation,8,45,0.0,0.0,0.0,0.0,0.0,0.0,1.0,27.443466900524108,,1.0
low,20,268,generalisation,8,90,0.0,0.0,1.0,0.0,0.0,0.0,1.0,31.97082000050171,,1.0
low,20,269,generalisation,8,270,0.0,0.0,0.0,0.0,0.0,0.0,1.0,28.561965989722154,,1.0
low,20,270,generalisation,8,90,0.0,0.0,1.0,0.0,0.0,0.0,1.0,38.72262509659411,,1.0
low,20,271,generalisation,8,90,0.0,0.0,1.0,0.0,0.0,0.0,1.0,28.878710713779213,,1.0
low,20,272,generalisation,8,90,0.0,0.0,1.0,0.0,0.0,0.0,1.0,29.844083086935267,,1.0
low,20,273,generalisation,8,90,0.0,0.0,1.0,0.0,0.0,0.0,1.0,28.4610432328476,,1.0
low,20,274,generalisation,8,90,0.0,0.0,1.0,0.0,0.0,0.0,1.0,29.580699915364995,,1.0
low,20,275,generalisation,8,180,0.0,0.0,0.0,0.0,0.0,0.0,1.0,36.63378655631644,,1.0
low,20,276,generalisation,8,0,0.0,0.0,0.0,0.0,0.0,0.0,1.0,25.208872511246913,,1.0
low,20,277,generalisation,8,315,0.0,0.0,0.0,0.0,0.0,0.0,1.0,29.48371544534777,,1.0
low,20,278,generalisation,8,90,0.0,0.0,1.0,0.0,0.0,0.0,1.0,27.418756014245453,,1.0
low,20,279,generalisation,8,60,0.0,0.0,0.0,0.0,0.0,0.0,1.0,30.155971220204407,,1.0
low,20,280,generalisation,8,105,0.0,0.0,0.0,0.0,0.0,0.0,1.0,28.056765254658668,,1.0
low,20,281,generalisation,8,135,0.0,0.0,0.0,0.0,0.0,0.0,1.0,24.027035227144253,,1.0
low,20,282,generalisation,9,90,0.0,0.0,1.0,0.0,0.0,0.0,1.0,25.946468353120444,,1.0
low,20,283,generalisation,9,135,0.0,0.0,0.0,0.0,0.0,0.0,1.0,28.59619370745508,,1.0
low,20,284,generalisation,9,90,0.0,0.0,1.0,0.0,0.0,0.0,1.0,26.334961733544755,,1.0
low,20,285,generalisation,9,90,0.0,0.0,1.0,0.0,0.0,0.0,1.0,32.509383352147225,,1.0
low,20,286,generalisation,9,90,0.0,0.0,1.0,0.0,0.0,0.0,1.0,33.46462974628492,,1.0
low,20,287,generalisation,9,90,0.0,0.0,1.0,0.0,0.0,0.0,1.0,30.819174502738896,,1.0
low,20,288,generalisation,9,45,0.0,0.0,0.0,0.0,0.0,0.0,1.0,31.251414955400524,,1.0
low,20,289,generalisation,9,180,0.0,0.0,0.0,0.0,0.0,0.0,1.0,32.47533236767349,,1.0
low,20,290,generalisation,9,0,0.0,0.0,0.0,0.0,0.0,0.0,1.0,24.801079176816696,,1.0
low,20,291,generalisation,9,90,0.0,0.0,1.0,0.0,0.0,0.0,1.0,27.409367905103636,,1.0
low,20,292,generalisation,9,90,0.0,0.0,1.0,0.0,0.0,0.0,1.0,31.361538142848904,,1.0
low,20,293,generalisation,9,270,0.0,0.0,0.0,0.0,0.0,0.0,1.0,27.931908156643935,,1.0
low,20,294,generalisation,9,90,0.0,0.0,1.0,0.0,0.0,0.0,1.0,34.039274404488154,,1.0
low,20,295,generalisation,9,90,0.0,0.0,1.0,0.0,0.0,0.0,1.0,32.64836650623586,,1.0
low,20,296,generalisation,9,105,0.0,0.0,0.0,0.0,0.0,0.0,1.0,31.329739823488808,,1.0
low,20,297,generalisation,9,90,0.0,0.0,1.0,0.0,0.0,0.0,1.0,32.718580635897986,,1.0
low,20,298,generalisation,9,225,0.0,0.0,0.0,0.0,0.0,0.0,1.0,29.59061879385419,,1.0
low,20,299,generalisation,9,120,0.0,0.0,0.0,0.0,0.0,0.0,1.0,31.050659189816404,,1.0
low,20,300,generalisation,9,75,0.0,0.0,0.0,0.0,0.0,0.0,1.0,33.25318812834378,,1.0
low,20,301,generalisation,9,90,0.0,0.0,1.0,0.0,0.0,0.0,1.0,37.66862948266134,,1.0
low,20,302,generalisation,9,60,0.0,0.0,0.0,0.0,0.0,0.0,1.0,20.72661156831063,,1.0
low,20,303,generalisation,9,315,0.0,0.0,0.0,0.0,0.0,0.0,1.0,27.50653685744608,,1.0
low,20,304,generalisation,9,90,0.0,0.0,1.0,0.0,0.0,0.0,1.0,20.256933140361465,,1.0
low,20,305,generalisation,10,90,0.0,0.0,1.0,0.0,0.0,0.0,1.0,29.67974619981479,,1.0
low,20,306,generalisation,10,90,0.0,0.0,1.0,0.0,0.0,0.0,1.0,31.431658126349905,,1.0
low,20,307,generalisation,10,315,0.0,0.0,0.0,0.0,0.0,0.0,1.0,27.260497886208697,,1.0
low,20,308,generalisation,10,75,0.0,0.0,0.0,0.0,0.0,0.0,1.0,41.404904706284356,,1.0
low,20,309,generalisation,10,105,0.0,0.0,0.0,0.0,0.0,0.0,1.0,34.58210662997857,,1.0
low,20,310,generalisation,10,270,0.0,0.0,0.0,0.0,0.0,0.0,1.0,29.387592936088463,,1.0
low,20,311,generalisation,10,180,0.0,0.0,0.0,0.0,0.0,0.0,1.0,28.28329380684697,,1.0
low,20,312,generalisation,10,90,0.0,0.0,1.0,0.0,0.0,0.0,1.0,33.750262195793816,,1.0
low,20,313,generalisation,10,135,0.0,0.0,0.0,0.0,0.0,0.0,1.0,33.70572231354473,,1.0
low,20,314,generalisation,10,90,0.0,0.0,1.0,0.0,0.0,0.0,1.0,38.89536497666348,,1.0
low,20,315,generalisation,10,90,0.0,0.0,1.0,0.0,0.0,0.0,1.0,32.95645418512043,,1.0
low,20,316,generalisation,10,90,0.0,0.0,1.0,0.0,0.0,0.0,1.0,33.6473490885379,,1.0
low,20,317,generalisation,10,120,0.0,0.0,0.0,0.0,0.0,0.0,1.0,21.656194442978382,,1.0
low,20,318,generalisation,10,225,0.0,0.0,0.0,0.0,0.0,0.0,1.0,32.54227146878848,,1.0
low,20,319,generalisation,10,90,0.0,0.0,1.0,0.0,0.0,0.0,1.0,30.461664005119264,,1.0
low,20,320,generalisation,10,90,0.0,0.0,1.0,0.0,0.0,0.0,1.0,27.147870198786404,,1.0
low,20,321,generalisation,10,45,0.0,0.0,0.0,0.0,0.0,0.0,1.0,29.97283242129715,,1.0
low,20,322,generalisation,10,90,0.0,0.0,1.0,0.0,0.0,0.0,1.0,23.199661965354334,,1.0
low,20,323,generalisation,10,90,0.0,0.0,1.0,0.0,0.0,0.0,1.0,31.833366980835805,,1.0
low,20,324,generalisation,10,90,0.0,0.0,1.0,0.0,0.0,0.0,1.0,34.39833873415701,,1.0
low,20,325,generalisation,10,0,0.0,0.0,0.0,0.0,0.0,0.0,1.0,25.492477590768736,,1.0
low,20,326,generalisation,10,90,0.0,0.0,1.0,0.0,0.0,0.0,1.0,22.13495384946995,,1.0
low,20,327,generalisation,10,60,0.0,0.0,0.0,0.0,0.0,0.0,1.0,24.711634216456208,,1.0
low,20,328,generalisation,11,105,0.0,0.0,0.0,0.0,0.0,0.0,1.0,29.59371656973072,,1.0
low,20,329,generalisation,11,90,0.0,0.0,1.0,0.0,0.0,0.0,1.0,28.814854975865764,,1.0
low,20,330,generalisation,11,90,0.0,0.0,1.0,0.0,0.0,0.0,1.0,31.30300320757912,,1.0
low,20,331,generalisation,11,90,0.0,0.0,1.0,0.0,0.0,0.0,1.0,31.53758296816324,,1.0
low,20,332,generalisation,11,180,0.0,0.0,0.0,0.0,0.0,0.0,1.0,27.269428955153582,,1.0
low,20,333,generalisation,11,45,0.0,0.0,0.0,0.0,0.0,0.0,1.0,31.98250736446282,,1.0
low,20,334,generalisation,11,225,0.0,0.0,0.0,0.0,0.0,0.0,1.0,28.924577234169202,,1.0
low,20,335,generalisation,11,135,0.0,0.0,0.0,0.0,0.0,0.0,1.0,32.273012620173795,,1.0
low,20,336,generalisation,11,90,0.0,0.0,1.0,0.0,0.0,0.0,1.0,27.427426168932715,,1.0
low,20,337,generalisation,11,0,0.0,0.0,0.0,0.0,0.0,0.0,1.0,34.638501443401225,,1.0
low,20,338,generalisation,11,90,0.0,0.0,1.0,0.0,0.0,0.0,1.0,25.345046884018167,,1.0
low,20,339,generalisation,11,90,0.0,0.0,1.0,0.0,0.0,0.0,1.0,30.871704372688495,,1.0
low,20,340,generalisation,11,90,0.0,0.0,1.0,0.0,0.0,0.0,1.0,29.431630235288598,,1.0
low,20,341,generalisation,11,90,0.0,0.0,1.0,0.0,0.0,0.0,1.0,25.54958493789558,,1.0
low,20,342,generalisation,11,270,0.0,0.0,0.0,0.0,0.0,0.0,1.0,28.573893452015845,,1.0
low,20,343,generalisation,11,90,0.0,0.0,1.0,0.0,0.0,0.0,1.0,33.38365561607203,,1.0
low,20,344,generalisation,11,90,0.0,0.0,1.0,0.0,0.0,0.0,1.0,26.65476184140396,,1.0
low,20,345,generalisation,11,90,0.0,0.0,1.0,0.0,0.0,0.0,1.0,29.106119251553462,,1.0
low,20,346,generalisation,11,120,0.0,0.0,0.0,0.0,0.0,0.0,1.0,31.455245566104697,,1.0
low,20,347,generalisation,11,75,0.0,0.0,0.0,0.0,0.0,0.0,1.0,38.04872558192086,,1.0
low,20,348,generalisation,11,60,0.0,0.0,0.0,0.0,0.0,0.0,1.0,30.434291630984013,,1.0
low,20,349,generalisation,11,90,0.0,0.0,1.0,0.0,0.0,0.0,1.0,27.074430509783586,,1.0
low,20,350,generalisation,11,315,0.0,0.0,0.0,0.0,0.0,0.0,1.0,31.427690155841347,,1.0
low,20,351,generalisation,12,90,0.0,0.0,1.0,0.0,0.0,0.0,1.0,25.446251741523163,,1.0
low,20,352,generalisation,12,120,0.0,0.0,0.0,0.0,0.0,0.0,1.0,29.613158227592308,,1.0
low,20,353,generalisation,12,60,0.0,0.0,0.0,0.0,0.0,0.0,1.0,30.30267373287607,,1.0
low,20,354,generalisation,12,90,0.0,0.0,1.0,0.0,0.0,0.0,1.0,29.810442657689826,,1.0
low,20,355,generalisation,12,90,0.0,0.0,1.0,0.0,0.0,0.0,1.0,28.64478148436326,,1.0
low,20,356,generalisation,12,315,0.0,0.0,0.0,0.0,0.0,0.0,1.0,32.95781951675343,,1.0
low,20,357,generalisation,12,90,0.0,0.0,1.0,0.0,0.0,0.0,1.0,30.525716324415733,,1.0
low,20,358,generalisation,12,90,0.0,0.0,1.0,0.0,0.0,0.0,1.0,29.608131628093613,,1.0
low,20,359,generalisation,12,90,0.0,0.0,1.0,0.0,0.0,0.0,1.0,29.738770299352332,,1.0
low,20,360,generalisation,12,90,0.0,0.0,1.0,0.0,0.0,0.0,1.0,34.15663305497635,,1.0
low,20,361,generalisation,12,45,0.0,0.0,0.0,0.0,0.0,0.0,1.0,30.746019909385975,,1.0
low,20,362,generalisation,12,105,0.0,0.0,0.0,0.0,0.0,0.0,1.0,27.70848226963393,,1.0
low,20,363,generalisation,12,90,0.0,0.0,1.0,0.0,0.0,0.0,1.0,29.208194773325033,,1.0
low,20,364,generalisation,12,90,0.0,0.0,1.0,0.0,0.0,0.0,1.0,29.008769143562006,,1.0
low,20,365,generalisation,12,225,0.0,0.0,0.0,0.0,0.0,0.0,1.0,28.420921622722567,,1.0
low,20,366,generalisation,12,90,0.0,0.0,1.0,0.0,0.0,0.0,1.0,28.70656975614545,,1.0
low,20,367,generalisation,12,270,0.0,0.0,0.0,0.0,0.0,0.0,1.0,33.18821138344414,,1.0
low,20,368,generalisation,12,180,0.0,0.0,0.0,0.0,0.0,0.0,1.0,22.966119645365833,,1.0
low,20,369,generalisation,12,90,0.0,0.0,1.0,0.0,0.0,0.0,1.0,29.42388807155265,,1.0
low,20,370,generalisation,12,90,0.0,0.0,1.0,0.0,0.0,0.0,1.0,28.23440941945479,,1.0
low,20,371,generalisation,12,0,0.0,0.0,0.0,0.0,0.0,0.0,1.0,32.90892321120305,,1.0
low,20,372,generalisation,12,135,0.0,0.0,0.0,0.0,0.0,0.0,1.0,30.53379349538233,,1.0
low,20,373,generalisation,12,75,0.0,0.0,0.0,0.0,0.0,0.0,1.0,29.130236460947394,,1.0
low,20,374,generalisation,13,135,0.0,0.0,0.0,0.0,0.0,0.0,1.0,37.771387668884856,,1.0
low,20,375,generalisation,13,180,0.0,0.0,0.0,0.0,0.0,0.0,1.0,35.01224632931015,,1.0
low,20,376,generalisation,13,90,0.0,0.0,1.0,0.0,0.0,0.0,1.0,34.82879772720447,,1.0
low,20,377,generalisation,13,60,0.0,0.0,0.0,0.0,0.0,0.0,1.0,27.621981333133334,,1.0
low,20,378,generalisation,13,90,0.0,0.0,1.0,0.0,0.0,0.0,1.0,22.672624383935307,,1.0
low,20,379,generalisation,13,75,0.0,0.0,0.0,0.0,0.0,0.0,1.0,32.04660202778406,,1.0
low,20,380,generalisation,13,90,0.0,0.0,1.0,0.0,0.0,0.0,1.0,27.702449814356044,,1.0
low,20,381,generalisation,13,90,0.0,0.0,1.0,0.0,0.0,0.0,1.0,30.501966912144297,,1.0
low,20,382,generalisation,13,90,0.0,0.0,1.0,0.0,0.0,0.0,1.0,27.232519886091243,,1.0
low,20,383,generalisation,13,120,0.0,0.0,0.0,0.0,0.0,0.0,1.0,27.75121419742439,,1.0
low,20,384,generalisation,13,90,0.0,0.0,1.0,0.0,0.0,0.0,1.0,25.798697782880932,,1.0
low,20,385,generalisation,13,90,0.0,0.0,1.0,0.0,0.0,0.0,1.0,32.091423773487485,,1.0
low,20,386,generalisation,13,90,0.0,0.0,1.0,0.0,0.0,0.0,1.0,32.61848570317292,,1.0
low,20,387,generalisation,13,225,0.0,0.0,0.0,0.0,0.0,0.0,1.0,30.758495657082392,,1.0
low,20,388,generalisation,13,90,0.0,0.0,1.0,0.0,0.0,0.0,1.0,27.025885084765115,,1.0
low,20,389,generalisation,13,90,0.0,0.0,1.0,0.0,0.0,0.0,1.0,31.1422629813783,,1.0
low,20,390,generalisation,13,270,0.0,0.0,0.0,0.0,0.0,0.0,1.0,33.19710492027104,,1.0
low,20,391,generalisation,13,90,0.0,0.0,1.0,0.0,0.0,0.0,1.0,26.952225362398,,1.0
low,20,392,generalisation,13,90,0.0,0.0,1.0,0.0,0.0,0.0,1.0,26.709633316497545,,1.0
low,20,393,generalisation,13,45,0.0,0.0,0.0,0.0,0.0,0.0,1.0,28.643210982296683,,1.0
low,20,394,generalisation,13,105,0.0,0.0,0.0,0.0,0.0,0.0,1.0,27.09941014783581,,1.0
low,20,395,generalisation,13,0,0.0,0.0,0.0,0.0,0.0,0.0,1.0,32.79253963813549,,1.0
low,20,396,generalisation,13,315,0.0,0.0,0.0,0.0,0.0,0.0,1.0,31.368831420807812,,1.0
low,20,397,generalisation,14,90,0.0,0.0,1.0,0.0,0.0,0.0,1.0,31.66790189586099,,1.0
low,20,398,generalisation,14,75,0.0,0.0,0.0,0.0,0.0,0.0,1.0,29.775857190294236,,1.0
low,20,399,generalisation,14,225,0.0,0.0,0.0,0.0,0.0,0.0,1.0,27.75858092484257,,1.0
low,20,400,generalisation,14,60,0.0,0.0,0.0,0.0,0.0,0.0,1.0,25.810259251168404,,1.0
low,20,401,generalisation,14,120,0.0,0.0,0.0,0.0,0.0,0.0,1.0,33.267566923115574,,1.0
low,20,402,generalisation,14,135,0.0,0.0,0.0,0.0,0.0,0.0,1.0,30.019582686615912,,1.0
low,20,403,generalisation,14,90,0.0,0.0,1.0,0.0,0.0,0.0,1.0,32.433273810540996,,1.0
low,20,404,generalisation,14,315,0.0,0.0,0.0,0.0,0.0,0.0,1.0,32.415010509695485,,1.0
low,20,405,generalisation,14,90,0.0,0.0,1.0,0.0,0.0,0.0,1.0,34.44221071171571,,1.0
low,20,406,generalisation,14,90,0.0,0.0,1.0,0.0,0.0,0.0,1.0,32.52318543148944,,1.0
low,20,407,generalisation,14,90,0.0,0.0,1.0,0.0,0.0,0.0,1.0,33.049024822722394,,1.0
low,20,408,generalisation,14,90,0.0,0.0,1.0,0.0,0.0,0.0,1.0,29.25029468453565,,1.0
low,20,409,generalisation,14,90,0.0,0.0,1.0,0.0,0.0,0.0,1.0,39.00580063362165,,1.0
low,20,410,generalisation,14,90,0.0,0.0,1.0,0.0,0.0,0.0,1.0,28.842556807793898,,1.0
low,20,411,generalisation,14,180,0.0,0.0,0.0,0.0,0.0,0.0,1.0,33.731397229523026,,1.0
low,20,412,generalisation,14,0,0.0,0.0,0.0,0.0,0.0,0.0,1.0,28.249326406452333,,1.0
low,20,413,generalisation,14,105,0.0,0.0,0.0,0.0,0.0,0.0,1.0,29.23833391895579,,1.0
low,20,414,generalisation,14,90,0.0,0.0,1.0,0.0,0.0,0.0,1.0,29.88456486928031,,1.0
low,20,415,generalisation,14,45,0.0,0.0,0.0,0.0,0.0,0.0,1.0,25.505299192763466,,1.0
low,20,416,generalisation,14,90,0.0,0.0,1.0,0.0,0.0,0.0,1.0,31.691115763221095,,1.0
low,20,417,generalisation,14,90,0.0,0.0,1.0,0.0,0.0,0.0,1.0,29.123122226448977,,1.0
low,20,418,generalisation,14,90,0.0,0.0,1.0,0.0,0.0,0.0,1.0,28.95133562120476,,1.0
low,20,419,generalisation,14,270,0.0,0.0,0.0,0.0,0.0,0.0,1.0,37.46082902158285,,1.0
low,20,420,generalisation,15,90,0.0,0.0,1.0,0.0,0.0,0.0,1.0,27.4660413039923,,1.0
low,20,421,generalisation,15,315,0.0,0.0,0.0,0.0,0.0,0.0,1.0,23.713079020982498,,1.0
low,20,422,generalisation,15,45,0.0,0.0,0.0,0.0,0.0,0.0,1.0,33.696008582079735,,1.0
low,20,423,generalisation,15,90,0.0,0.0,1.0,0.0,0.0,0.0,1.0,29.925971299575647,,1.0
low,20,424,generalisation,15,90,0.0,0.0,1.0,0.0,0.0,0.0,1.0,24.41403152399302,,1.0
low,20,425,generalisation,15,90,0.0,0.0,1.0,0.0,0.0,0.0,1.0,32.12823034337541,,1.0
low,20,426,generalisation,15,90,0.0,0.0,1.0,0.0,0.0,0.0,1.0,34.30292602439896,,1.0
low,20,427,generalisation,15,90,0.0,0.0,1.0,0.0,0.0,0.0,1.0,34.970652466360846,,1.0
low,20,428,generalisation,15,75,0.0,0.0,0.0,0.0,0.0,0.0,1.0,35.147317811231005,,1.0
low,20,429,generalisation,15,135,0.0,0.0,0.0,0.0,0.0,0.0,1.0,32.40510259657512,,1.0
low,20,430,generalisation,15,90,0.0,0.0,1.0,0.0,0.0,0.0,1.0,36.5601299889273,,1.0
low,20,431,generalisation,15,120,0.0,0.0,0.0,0.0,0.0,0.0,1.0,37.49249289323266,,1.0
low,20,432,generalisation,15,90,0.0,0.0,1.0,0.0,0.0,0.0,1.0,29.90722518920228,,1.0
low,20,433,generalisation,15,90,0.0,0.0,1.0,0.0,0.0,0.0,1.0,28.91999809624502,,1.0
low,20,434,generalisation,15,180,0.0,0.0,0.0,0.0,0.0,0.0,1.0,34.08984481505548,,1.0
low,20,435,generalisation,15,90,0.0,0.0,1.0,0.0,0.0,0.0,1.0,21.606846043580816,,1.0
low,20,436,generalisation,15,270,0.0,0.0,0.0,0.0,0.0,0.0,1.0,32.25998210266734,,1.0
low,20,437,generalisation,15,105,0.0,0.0,0.0,0.0,0.0,0.0,1.0,33.148631532643776,,1.0
low,20,438,generalisation,15,90,0.0,0.0,1.0,0.0,0.0,0.0,1.0,28.936620303186366,,1.0
low,20,439,generalisation,15,60,0.0,0.0,0.0,0.0,0.0,0.0,1.0,32.396324255276525,,1.0
low,20,440,generalisation,15,0,0.0,0.0,0.0,0.0,0.0,0.0,1.0,25.228249970615327,,1.0
low,20,441,generalisation,15,90,0.0,0.0,1.0,0.0,0.0,0.0,1.0,42.09347990326487,,1.0
low,20,442,generalisation,15,225,0.0,0.0,0.0,0.0,0.0,0.0,1.0,40.14169197176681,,1.0
low,20,443,washout_no_fb,1,60,0.0,0.0,0.0,0.0,0.0,0.0,0.0,4.156628492775031,You will not receive feedback of any kind for the following reaches.Please continue to slice through the target as quickly and accurately as possible.,1.0
low,20,444,washout_no_fb,1,0,0.0,0.0,0.0,0.0,0.0,0.0,0.0,-8.24243051137434,,1.0
low,20,445,washout_no_fb,1,270,0.0,0.0,0.0,0.0,0.0,0.0,0.0,-3.760156452912829,,1.0
low,20,446,washout_no_fb,1,45,0.0,0.0,0.0,0.0,0.0,0.0,0.0,1.4661213717177137,,1.0
low,20,447,washout_no_fb,1,225,0.0,0.0,0.0,0.0,0.0,0.0,0.0,-0.3698552798975467,,1.0
low,20,448,washout_no_fb,1,75,0.0,0.0,0.0,0.0,0.0,0.0,0.0,-3.592354243322367,,1.0
low,20,449,washout_no_fb,1,120,0.0,0.0,0.0,0.0,0.0,0.0,0.0,8.342718912920178,,1.0
low,20,450,washout_no_fb,1,180,0.0,0.0,0.0,0.0,0.0,0.0,0.0,1.1776170974660238,,1.0
low,20,451,washout_no_fb,1,90,0.0,0.0,0.0,0.0,0.0,0.0,0.0,-0.4961823360257786,,1.0
low,20,452,washout_no_fb,1,135,0.0,0.0,0.0,0.0,0.0,0.0,0.0,0.8769680501137481,,1.0
low,20,453,washout_no_fb,1,315,0.0,0.0,0.0,0.0,0.0,0.0,0.0,7.339882012908197,,1.0
low,20,454,washout_no_fb,1,105,0.0,0.0,0.0,0.0,0.0,0.0,0.0,-1.0911237464584362,,1.0
low,20,455,washout_no_fb,2,135,0.0,0.0,0.0,0.0,0.0,0.0,0.0,5.334202602668142,,1.0
low,20,456,washout_no_fb,2,75,0.0,0.0,0.0,0.0,0.0,0.0,0.0,-1.944693610194578,,1.0
low,20,457,washout_no_fb,2,180,0.0,0.0,0.0,0.0,0.0,0.0,0.0,-0.6598123046989237,,1.0
low,20,458,washout_no_fb,2,270,0.0,0.0,0.0,0.0,0.0,0.0,0.0,0.3682553306583187,,1.0
low,20,459,washout_no_fb,2,105,0.0,0.0,0.0,0.0,0.0,0.0,0.0,5.057783466133439,,1.0
low,20,460,washout_no_fb,2,315,0.0,0.0,0.0,0.0,0.0,0.0,0.0,1.7499994356880906,,1.0
low,20,461,washout_no_fb,2,0,0.0,0.0,0.0,0.0,0.0,0.0,0.0,-6.581686728941663,,1.0
low,20,462,washout_no_fb,2,120,0.0,0.0,0.0,0.0,0.0,0.0,0.0,-3.1697402024025236,,1.0
low,20,463,washout_no_fb,2,225,0.0,0.0,0.0,0.0,0.0,0.0,0.0,2.8547384968623057,,1.0
low,20,464,washout_no_fb,2,60,0.0,0.0,0.0,0.0,0.0,0.0,0.0,2.365014051657048,,1.0
low,20,465,washout_no_fb,2,90,0.0,0.0,0.0,0.0,0.0,0.0,0.0,2.1728832472083184,,1.0
low,20,466,washout_no_fb,2,45,0.0,0.0,0.0,0.0,0.0,0.0,0.0,2.390976714130769,,1.0
low,20,467,washout_fb,1,105,0.0,0.0,1.0,0.0,0.0,0.0,0.0,-2.1579410919331696,"You will now only see the cursor throughout your entire reach.
Please continue to slice through the target as quickly and accurately as possible.",1.0
low,20,468,washout_fb,1,90,0.0,0.0,1.0,0.0,0.0,0.0,0.0,-2.5825387941684714,,1.0
low,20,469,washout_fb,1,0,0.0,0.0,1.0,0.0,0.0,0.0,0.0,-2.9660516310098153,,1.0
low,20,470,washout_fb,1,135,0.0,0.0,1.0,0.0,0.0,0.0,0.0,-2.2214822627208215,,1.0
low,20,471,washout_fb,1,270,0.0,0.0,1.0,0.0,0.0,0.0,0.0,-3.0712567808562516,,1.0
low,20,472,washout_fb,1,75,0.0,0.0,1.0,0.0,0.0,0.0,0.0,5.954577025238568,,1.0
low,20,473,washout_fb,1,60,0.0,0.0,1.0,0.0,0.0,0.0,0.0,-2.714148240615142,,1.0
low,20,474,washout_fb,1,225,0.0,0.0,1.0,0.0,0.0,0.0,0.0,-4.928274786086682,,1.0
low,20,475,washout_fb,1,45,0.0,0.0,1.0,0.0,0.0,0.0,0.0,-3.4455276165794992,,1.0
low,20,476,washout_fb,1,315,0.0,0.0,1.0,0.0,0.0,0.0,0.0,2.127845986583095,,1.0
low,20,477,washout_fb,1,180,0.0,0.0,1.0,0.0,0.0,0.0,0.0,-9.585163383412365,,1.0
low,20,478,washout_fb,1,120,0.0,0.0,1.0,0.0,0.0,0.0,0.0,-1.4198436212397954,,1.0
low,20,479,washout_fb,2,60,0.0,0.0,1.0,0.0,0.0,0.0,0.0,-2.7965849733428425,,1.0
low,20,480,washout_fb,2,0,0.0,0.0,1.0,0.0,0.0,0.0,0.0,-4.3547895633361025,,1.0
low,20,481,washout_fb,2,90,0.0,0.0,1.0,0.0,0.0,0.0,0.0,0.04748053509423756,,1.0
low,20,482,washout_fb,2,180,0.0,0.0,1.0,0.0,0.0,0.0,0.0,-2.7250270379349963,,1.0
low,20,483,washout_fb,2,45,0.0,0.0,1.0,0.0,0.0,0.0,0.0,1.3534106406436885,,1.0
low,20,484,washout_fb,2,120,0.0,0.0,1.0,0.0,0.0,0.0,0.0,6.888077469241094,,1.0
low,20,485,washout_fb,2,75,0.0,0.0,1.0,0.0,0.0,0.0,0.0,6.958102459678958,,1.0
low,20,486,washout_fb,2,105,0.0,0.0,1.0,0.0,0.0,0.0,0.0,4.1739779326284205,,1.0
low,20,487,washout_fb,2,225,0.0,0.0,1.0,0.0,0.0,0.0,0.0,-1.0172305731804043,,1.0
low,20,488,washout_fb,2,135,0.0,0.0,1.0,0.0,0.0,0.0,0.0,4.7695158472988535,,1.0
low,20,489,washout_fb,2,270,0.0,0.0,1.0,0.0,0.0,0.0,0.0,3.0926254027214672,,1.0
low,20,490,washout_fb,2,315,0.0,0.0,1.0,0.0,0.0,0.0,0.0,4.874903858291028,,1.0
